exam/dataset/LITTO3D_FRA_0926_6224_MNT5_20150529_LAMB93_RGF93_IGN69.asc
ncols 200
nrows 200
xllcenter 926000.000
yllcenter 6223005.000
cellsize 5.0000
nodata_value -99999
[rows 31 to 61 of 200, columns 0 to 69 of 200]
-5.780 -5.430 -4.230 -3.650 -3.450 -2.950 -3.770 -5.340 -3.940 -4.500 -4.440 -4.190 -4.100 -3.700 -3.700 -3.580 -4.000 -4.060 -4.510 -4.820 -5.300 -4.840 -4.780 -5.070 -4.890 -5.140 -4.940 -4.970 -4.890 -4.940 -4.740 -4.570 -4.760 -4.480 -4.710 -4.290 -4.070 -3.870 -3.740 -3.320 -2.780 -2.830 -2.790 -3.180 -3.150 -3.410 -3.280 -2.960 -2.940 -3.810 -3.270 -3.300 -3.810 -3.520 -3.660 -4.150 -3.050 -2.740 -2.570 -2.900 -2.790 -2.800 -2.200 -2.500 -1.910 -1.990 -1.830 -1.880 -1.250 -1.670
-5.790 -5.910 -4.500 -3.430 -2.670 -3.350 -5.040 -4.690 -3.900 -4.060 -4.180 -4.510 -4.040 -3.930 -4.620 -4.890 -4.860 -4.950 -4.880 -4.620 -4.830 -4.830 -5.000 -5.050 -4.910 -4.250 -5.150 -4.910 -4.780 -4.670 -4.780 -4.660 -4.590 -4.240 -4.390 -4.430 -4.080 -3.890 -3.730 -3.410 -2.820 -2.510 -2.920 -3.560 -3.730 -3.450 -3.600 -3.140 -3.370 -3.410 -3.370 -3.540 -3.510 -3.450 -3.450 -4.300 -4.090 -3.970 -3.430 -3.370 -4.770 -3.360 -2.140 -2.410 -2.490 -2.150 -1.800 -1.570 -1.700 -1.320
-6.430 -5.790 -4.690 -4.290 -5.230 -4.920 -4.940 -4.790 -4.360 -4.580 -4.360 -3.850 -4.060 -4.780 -4.800 -4.740 -4.800 -5.080 -4.740 -4.960 -4.870 -4.580 -4.730 -4.850 -4.880 -4.870 -4.990 -4.900 -4.720 -4.500 -4.690 -4.240 -4.190 -4.350 -4.090 -4.240 -4.040 -3.890 -3.500 -3.470 -2.800 -2.690 -3.140 -3.040 -3.320 -3.550 -4.200 -3.700 -3.600 -3.410 -3.320 -3.430 -3.650 -3.510 -3.300 -4.700 -4.850 -5.200 -5.130 -4.930 -4.720 -2.840 -2.480 -2.740 -2.660 -2.630 -2.530 -2.980 -2.070 -2.000
-5.660 -4.910 -4.540 -5.340 -5.520 -5.180 -5.080 -4.920 -4.720 -4.220 -4.090 -4.520 -4.320 -4.500 -4.750 -4.690 -4.690 -4.680 -4.710 -4.830 -4.610 -4.580 -4.440 -4.690 -4.580 -4.750 -4.790 -4.650 -4.650 -4.270 -4.510 -4.390 -4.300 -4.150 -3.840 -3.890 -3.980 -3.720 -3.680 -3.390 -2.880 -2.700 -2.090 -2.730 -3.290 -4.040 -3.590 -3.620 -3.420 -3.600 -3.080 -3.590 -4.360 -3.540 -4.630 -4.840 -5.030 -5.340 -5.430 -5.290 -4.210 -3.520 -3.690 -3.170 -2.910 -2.680 -2.280 -2.310 -2.140 0.210
-6.450 -5.620 -6.150 -5.830 -5.540 -5.500 -5.140 -4.760 -4.330 -3.760 -4.450 -4.350 -4.410 -4.710 -4.550 -4.490 -4.620 -4.640 -4.600 -4.330 -4.550 -4.450 -3.700 -4.360 -3.830 -4.460 -4.710 -4.560 -4.470 -4.280 -3.810 -4.230 -4.020 -4.010 -3.890 -3.510 -3.780 -3.790 -3.480 -3.190 -3.010 -2.860 -2.510 -2.670 -3.710 -3.900 -3.280 -3.900 -3.870 -3.830 -3.470 -3.920 -3.740 -4.320 -4.820 -5.170 -5.260 -5.380 -5.480 -5.390 -5.110 -4.230 -4.020 -3.180 -2.860 -2.550 -2.070 -2.340 -1.940 -1.030
-6.770 -6.590 -6.480 -6.270 -6.340 -5.180 -4.640 -3.220 -2.690 -2.970 -3.370 -3.690 -3.970 -4.090 -4.290 -4.170 -4.140 -4.380 -4.440 -4.510 -4.530 -4.540 -4.550 -3.760 -3.920 -3.570 -3.850 -4.270 -4.050 -3.200 -2.850 -2.980 -4.040 -3.750 -3.590 -3.490 -3.180 -3.460 -3.390 -3.310 -3.250 -3.490 -2.800 -3.440 -4.280 -3.960 -3.630 -3.860 -3.790 -3.940 -5.080 -4.020 -4.390 -4.850 -5.140 -5.330 -5.400 -5.410 -5.570 -5.490 -5.390 -5.030 -4.280 -3.330 -3.090 -2.730 -2.860 -2.600 -2.030 -1.760
-6.720 -6.470 -6.820 -6.740 -6.150 -4.940 -3.450 -3.370 -3.300 -2.960 -3.240 -3.880 -3.470 -3.560 -3.680 -3.550 -3.560 -4.190 -3.990 -4.320 -4.230 -4.300 -4.200 -3.840 -3.360 -4.270 -3.510 -4.140 -3.160 -2.940 -3.470 -2.800 -2.800 -3.610 -3.270 -3.100 -3.180 -3.420 -2.940 -3.220 -3.450 -2.960 -2.980 -3.980 -4.010 -4.280 -3.930 -3.920 -4.250 -4.090 -4.110 -4.310 -4.660 -5.110 -5.250 -5.390 -5.420 -5.460 -5.530 -5.430 -5.580 -5.320 -4.990 -3.890 -3.210 -2.740 -2.590 -2.150 -2.490 -1.800
-6.610 -7.220 -6.580 -6.190 -6.770 -4.770 -2.640 -2.780 -2.800 -3.160 -4.060 -4.310 -3.600 -3.590 -3.550 -3.150 -3.810 -3.560 -3.550 -3.130 -3.660 -3.890 -3.640 -3.190 -3.800 -3.880 -3.710 -2.940 -2.680 -3.250 -2.920 -2.920 -3.060 -3.030 -3.090 -3.050 -3.340 -3.290 -3.100 -3.060 -2.890 -3.650 -3.780 -3.220 -4.230 -4.240 -3.870 -4.750 -4.550 -4.760 -4.180 -5.040 -4.830 -5.010 -5.150 -4.910 -5.390 -5.380 -5.520 -5.540 -5.410 -5.280 -5.030 -4.720 -3.880 -3.460 -2.860 -2.580 -2.260 -1.920
-6.670 -6.360 -3.350 -3.200 -4.780 -3.700 -2.030 -2.430 -2.620 -2.560 -2.300 -2.860 -3.650 -3.760 -3.280 -3.350 -3.200 -3.120 -2.770 -1.960 -2.740 -2.700 -3.390 -2.640 -3.070 -2.820 -2.630 -2.170 -2.710 -2.460 -2.380 -2.510 -2.660 -2.620 -2.820 -3.300 -3.420 -2.840 -3.420 -3.510 -3.070 -3.420 -3.550 -3.150 -4.350 -3.970 -3.850 -4.040 -4.510 -4.910 -5.520 -5.500 -4.800 -4.000 -3.790 -3.670 -4.200 -5.110 -5.370 -5.510 -5.390 -5.350 -5.080 -4.810 -4.530 -4.050 -3.320 -2.910 -2.270 -2.040
-6.310 -4.490 -3.230 -2.300 -4.010 -3.560 -4.140 -3.050 -1.760 -1.630 -1.600 -2.110 -2.800 -3.000 -3.140 -2.870 -2.630 -2.650 -1.140 -0.780 -0.950 -2.010 -2.390 -2.490 -2.040 -2.700 -1.910 -2.230 -2.110 -2.120 -2.290 -2.440 -2.260 -2.640 -2.610 -2.520 -3.220 -2.930 -3.650 -3.930 -3.850 -3.710 -3.550 -3.310 -3.570 -3.600 -3.920 -4.320 -5.420 -4.930 -4.880 -5.300 -4.400 -3.630 -3.180 -2.710 -3.260 -3.980 -4.700 -4.500 -5.030 -5.120 -4.940 -4.800 -4.710 -4.330 -4.010 -3.170 -2.510 -2.280
-6.440 -5.630 -6.160 -5.950 -5.450 -3.420 -1.980 -1.270 -1.060 -1.290 -1.140 -1.670 -1.490 -2.660 -2.850 -2.960 -2.340 -1.090 -0.170 0.190 -0.040 -1.880 -1.330 -2.210 -1.580 -2.100 -1.720 -1.890 -2.280 -2.080 -2.580 -2.170 -2.300 -2.210 -2.890 -2.740 -2.580 -3.410 -4.380 -4.130 -4.170 -3.770 -4.020 -3.900 -3.930 -4.060 -4.800 -4.360 -4.890 -4.950 -5.370 -5.030 -4.560 -3.720 -2.880 -2.460 -3.610 -3.170 -3.560 -3.380 -3.890 -4.200 -4.000 -4.520 -4.370 -4.390 -4.020 -3.290 -2.420 -2.180
-6.760 -6.380 -6.150 -4.860 -4.250 -3.090 -2.000 -2.050 -1.150 -0.570 -0.130 -0.420 -1.740 -2.620 -3.040 -2.260 -1.720 -0.530 0.230 0.820 0.860 0.290 0.130 -1.000 -1.810 -1.640 -1.510 -1.510 -2.320 -2.050 -2.130 -2.590 -2.760 -3.860 -3.000 -3.030 -3.130 -3.530 -4.260 -4.100 -3.510 -3.530 -3.760 -4.230 -4.320 -4.220 -4.690 -4.270 -5.190 -4.880 -5.110 -4.800 -4.940 -3.790 -2.970 -2.490 -3.100 -2.150 -2.780 -2.750 -2.160 -2.470 -2.460 -2.760 -3.490 -3.740 -3.430 -2.620 -2.580 -2.150
-5.910 -6.170 -5.470 -4.530 -4.330 -3.240 -2.470 -2.630 -0.140 0.140 0.630 0.110 -0.140 -0.960 -2.040 -0.330 -0.100 -0.190 1.210 1.690 1.460 0.890 0.670 -0.730 -1.680 -1.490 -1.250 -1.770 -2.320 -2.170 -2.360 -2.320 -2.660 -3.350 -3.170 -3.630 -3.580 -4.030 -4.030 -3.560 -3.530 -4.070 -4.230 -3.770 -4.710 -4.230 -5.100 -4.880 -5.050 -4.920 -5.020 -5.190 -4.440 -3.590 -2.870 -2.860 -2.950 -2.330 -3.230 -2.690 -2.210 -1.990 -2.000 -2.100 -2.470 -2.500 -2.000 -2.450 -2.140 -2.200
-6.270 -5.740 -4.880 -3.790 -3.790 -2.630 -2.520 -3.690 -3.250 -0.460 -0.120 0.580 -0.150 -0.990 -1.040 0.360 0.580 0.900 1.880 3.130 2.840 3.180 1.330 -0.560 -1.700 -1.760 -1.800 -2.100 -2.270 -2.450 -2.210 -2.660 -3.530 -3.900 -3.400 -4.280 -4.240 -4.740 -4.450 -3.780 -3.580 -4.070 -4.150 -4.700 -4.240 -4.330 -4.980 -4.910 -5.130 -4.800 -5.110 -4.700 -4.390 -4.000 -3.450 -3.290 -2.880 -2.880 -2.530 -2.760 -2.500 -2.450 -2.270 -2.460 -2.430 -2.350 -2.140 -2.230 -2.600 -1.940
-6.480 -5.430 -4.300 -3.520 -3.430 -3.930 -5.220 -3.450 -2.340 -2.360 0.150 0.330 0.010 -0.380 -0.010 1.270 2.100 3.050 4.460 5.180 5.040 2.550 0.170 0.510 -1.400 -2.650 -1.790 -2.480 -2.750 -2.880 -2.960 -2.690 -3.400 -3.960 -3.970 -4.250 -3.900 -4.360 -4.610 -3.870 -3.730 -4.860 -3.880 -4.740 -4.090 -4.560 -4.980 -5.020 -4.910 -4.890 -5.130 -4.980 -4.420 -4.200 -3.570 -3.490 -3.570 -3.360 -3.170 -3.090 -2.520 -2.380 -2.290 -2.460 -2.370 -2.340 -2.330 -2.110 -1.670 -1.750
-6.400 -4.980 -4.100 -3.880 -3.660 -3.600 -2.060 -0.200 -0.080 0.010 -0.050 0.660 0.430 0.600 0.400 1.130 2.440 3.990 5.630 6.290 0.590 0.670 1.570 0.510 -1.280 -0.740 -0.280 -0.860 -1.530 -3.140 -3.310 -2.790 -2.620 -3.630 -4.340 -3.680 -4.000 -4.010 -4.590 -4.380 -4.780 -4.260 -4.190 -4.520 -4.160 -4.390 -4.490 -4.620 -4.680 -5.710 -5.050 -5.090 -4.750 -4.040 -3.940 -4.160 -3.410 -3.410 -3.240 -2.870 -2.830 -2.640 -2.270 -1.690 -1.930 -2.110 -1.820 -1.920 -1.390 -1.350
-6.480 -5.380 -4.520 -3.990 -2.840 -0.150 0.560 0.830 0.630 1.060 0.320 0.230 0.560 2.020 1.120 2.440 4.030 5.160 6.490 6.980 0.960 0.660 0.960 0.410 -0.340 0.170 0.050 -0.130 -1.230 -2.770 -3.810 -3.120 -3.090 -3.870 -4.640 -4.110 -4.340 -4.950 -4.300 -5.180 -4.870 -4.560 -4.510 -4.590 -4.410 -4.180 -4.420 -4.630 -4.540 -4.950 -4.940 -5.100 -4.660 -4.020 -3.910 -3.870 -3.310 -3.240 -3.180 -2.600 -2.550 -3.000 -2.470 -2.220 -1.960 -1.830 -0.940 -1.190 -1.160 -1.010
-6.670 -5.630 -5.210 -4.920 -2.830 -0.840 0.610 0.820 0.870 1.020 0.950 0.720 0.890 3.200 2.550 3.320 5.130 5.580 2.140 1.380 0.450 -0.150 0.050 -0.060 -0.150 1.000 0.410 -1.410 -2.300 -4.460 -3.800 -3.220 -3.610 -4.000 -4.500 -4.560 -4.830 -4.740 -5.160 -4.760 -4.610 -4.750 -4.690 -4.610 -5.020 -5.650 -5.200 -4.630 -5.510 -5.170 -5.160 -4.810 -4.850 -4.170 -3.950 -3.310 -3.390 -2.950 -2.140 -1.880 -1.330 -1.100 -0.640 -0.570 -1.210 -0.860 -0.090 -0.270 0.450 -0.240
-6.230 -5.970 -5.830 -4.090 -2.380 -1.250 0.140 0.380 2.510 2.870 3.230 2.790 1.980 3.910 4.150 4.390 5.130 1.020 0.830 0.490 0.220 0.050 0.080 -0.200 0.060 0.670 -0.320 -2.190 -3.140 -4.700 -3.700 -3.780 -3.670 -4.370 -4.480 -4.770 -4.690 -5.420 -5.130 -5.170 -4.630 -4.990 -5.090 -4.650 -4.930 -5.130 -5.290 -4.810 -5.350 -5.200 -5.430 -5.000 -4.450 -4.340 -3.730 -3.340 -3.620 -2.470 -2.090 -1.790 -1.130 -1.530 -1.410 -0.400 0.220 0.020 0.090 0.080 0.060 0.380
-6.980 -5.790 -6.320 -6.480 -2.450 -1.740 2.150 3.820 3.130 4.150 4.470 4.230 3.770 4.520 1.670 1.240 0.870 0.350 0.180 -0.160 -0.100 -0.330 0.240 0.060 0.530 1.170 -3.160 -1.560 -1.860 -4.240 -4.910 -4.320 -3.700 -3.820 -5.250 -5.820 -4.740 -5.360 -3.960 -4.500 -4.150 -5.380 -5.030 -4.870 -4.910 -5.190 -5.540 -4.990 -5.550 -5.320 -5.350 -5.070 -4.600 -4.350 -3.770 -3.860 -2.840 -2.510 -2.120 -1.360 -0.890 -1.200 -2.420 -1.020 -0.140 0.130 -0.980 -0.760 -0.110 0.050
-5.740 -5.830 -6.640 -3.970 -1.080 3.590 4.320 4.880 2.810 3.970 4.480 4.510 3.390 2.730 2.220 1.970 0.590 0.750 0.480 0.350 0.180 -1.380 -1.800 -1.420 -3.370 -2.620 -1.080 -1.050 -2.980 -4.400 -6.320 -5.210 -3.680 -3.050 -6.070 -4.890 -4.350 -4.480 -3.750 -3.680 -5.360 -5.520 -5.110 -4.980 -4.860 -5.280 -5.190 -4.920 -5.000 -5.510 -5.100 -5.290 -4.540 -4.170 -3.690 -3.260 -2.750 -2.440 -3.010 -1.870 -2.260 -2.740 -2.380 -2.380 -1.790 -0.750 -1.110 -0.030 0.460 0.230
-5.300 -6.000 -5.550 -4.310 -3.160 0.990 4.460 2.460 0.690 0.510 1.350 1.660 1.860 0.870 1.610 1.820 1.430 1.370 0.960 0.810 0.830 -0.130 -1.110 -3.040 -2.170 -2.610 -0.470 -4.800 -4.450 -5.220 -6.700 -5.240 -3.600 -5.300 -6.070 -5.800 -4.360 -5.150 -4.770 -5.750 -5.340 -5.660 -5.000 -4.770 -5.060 -4.810 -4.800 -4.910 -5.410 -5.330 -5.340 -5.290 -4.510 -3.620 -3.110 -2.510 -2.530 -2.310 -2.940 -2.820 -2.920 -2.180 -3.480 -3.180 -1.250 -0.610 0.380 0.540 -0.570 4.880
-7.450 -6.090 -7.190 -6.050 -3.810 0.880 3.430 1.930 0.340 0.300 0.480 0.180 0.590 1.250 2.310 1.450 1.510 1.630 1.270 0.690 0.500 -1.870 -3.220 -3.210 -2.800 -2.830 -2.170 -3.940 -4.940 -7.090 -5.280 -4.900 -3.650 -4.610 -6.290 -6.100 -5.160 -6.630 -5.820 -5.880 -6.210 -5.670 -5.790 -5.310 -4.760 -4.380 -4.700 -5.460 -5.490 -5.530 -5.680 -5.320 -4.550 -3.630 -3.280 -2.910 -2.980 -2.580 -2.880 -3.210 -1.840 -2.450 -2.150 -2.870 -0.030 0.010 0.450 0.650 3.600 6.000
-7.470 -6.540 -5.890 -7.670 -2.550 0.830 0.960 -0.730 -1.200 0.280 -0.960 0.010 0.250 0.860 1.030 1.750 0.350 0.740 0.080 -0.160 -0.360 -3.600 -3.590 -3.490 -2.560 -1.270 -2.510 -6.710 -4.940 -2.630 -6.270 -5.630 -4.950 -5.080 -6.810 -6.690 -6.390 -6.200 -6.160 -6.220 -6.030 -5.590 -4.710 -4.970 -4.360 -4.290 -4.270 -4.730 -4.920 -5.380 -5.280 -4.930 -4.320 -4.330 -3.550 -3.120 -2.610 -3.070 -3.150 -1.990 -2.750 -3.150 -2.940 -1.100 0.530 0.340 -2.980 -2.690 1.220 3.090
-7.360 -5.050 -5.170 -5.150 -3.400 -3.020 -2.350 -2.290 -1.690 -0.590 0.180 0.420 1.600 3.730 2.960 1.430 0.060 -0.380 -4.220 -1.790 -3.390 -3.890 -4.240 -3.820 -1.620 -6.990 -6.240 -0.240 -0.130 -4.990 -6.450 -6.260 -6.230 -5.860 -7.150 -6.980 -6.760 -6.860 -6.980 -6.180 -5.510 -4.990 -3.700 -4.530 -3.840 -4.000 -3.700 -4.270 -4.120 -4.800 -4.110 -4.590 -4.770 -4.360 -4.130 -3.840 -2.920 -2.400 -2.370 -1.420 -1.310 -2.860 -2.680 -2.470 -2.360 -4.050 -3.150 -1.980 -0.180 2.060
-6.210 -4.070 -3.960 -5.270 -3.420 -2.790 -2.850 -1.450 -2.510 0.140 0.550 0.360 1.440 3.960 2.820 2.560 0.310 -3.410 -3.160 -2.720 -4.070 -5.100 -3.790 -4.990 -5.680 -2.050 0.140 0.310 0.210 -7.210 -6.970 -7.150 -7.120 -7.480 -7.270 -7.460 -7.110 -6.600 -6.760 -6.380 -5.790 -3.910 -3.700 -3.970 -3.710 -3.970 -3.590 -3.600 -3.620 -3.720 -3.890 -4.840 -4.420 -4.100 -4.280 -4.630 -3.730 -3.490 -2.110 -1.560 -1.990 -3.390 -3.060 -3.060 -3.060 -3.070 -2.680 -1.210 -0.470 -2.140
-6.310 -3.950 -3.890 -2.390 -1.370 -1.680 -0.970 0.140 0.530 0.330 0.520 0.590 1.890 2.570 2.110 0.300 -3.540 -2.980 -2.800 -3.390 -5.310 -5.950 -3.930 -5.070 -5.970 -4.140 0.400 0.300 0.290 -6.380 -6.620 -7.340 -7.740 -7.750 -7.590 -7.660 -7.540 -7.050 -6.400 -5.870 -6.970 -6.470 -6.570 -5.850 -3.020 -3.130 -3.170 -3.210 -3.410 -3.750 -3.770 -3.220 -3.650 -4.020 -4.050 -4.730 -4.050 -3.560 -3.140 -2.840 -3.800 -3.780 -3.440 -3.090 -2.900 -2.840 -2.030 -0.960 -2.860 -2.140
-6.990 -5.800 -4.380 -2.620 -1.960 -0.800 -0.010 0.480 0.840 0.970 1.510 2.090 0.970 0.640 0.160 -2.760 -3.050 -3.230 -2.920 -2.590 -4.530 -6.630 -3.210 -4.030 -5.450 -5.840 0.220 0.320 -5.350 -6.660 -6.900 -8.050 -8.170 -8.180 -8.290 -7.410 -7.400 -7.410 -7.460 -7.360 -7.720 -6.990 -6.430 -5.610 -5.010 -3.480 -3.040 -3.270 -3.160 -3.500 -3.390 -3.560 -4.870 -3.600 -3.210 -3.960 -3.690 -3.550 -3.510 -3.340 -3.990 -3.920 -3.800 -3.480 -3.060 -3.150 -2.400 -3.090 -2.680 -2.750
-8.950 -5.540 -4.750 -3.530 -2.700 -2.750 -1.000 0.280 0.680 1.400 1.240 1.480 0.230 -0.960 -1.640 -0.460 -2.790 -4.080 -3.000 -3.650 -5.910 -6.170 -2.710 -7.120 -5.310 -5.580 -1.360 -2.110 -5.850 -6.750 -7.970 -8.660 -8.510 -8.560 -8.210 -8.190 -6.340 -7.260 -7.890 -8.080 -5.400 -5.450 -5.540 -5.700 -4.480 -3.490 -2.920 -2.950 -3.660 -4.920 -3.840 -5.460 -4.960 -3.640 -2.620 -2.710 -2.730 -2.940 -3.420 -4.810 -4.500 -4.280 -3.790 -3.630 -3.500 -3.230 -3.100 -3.110 -3.020 -3.150
-7.300 -6.020 -5.150 -4.700 -4.090 -2.800 -1.870 -0.670 0.080 0.420 0.750 0.110 -2.430 -2.140 -2.580 -2.470 -4.410 -3.460 -3.440 -3.210 -6.540 -6.700 -5.460 -6.280 -6.630 -7.180 -5.660 -5.510 -7.760 -7.790 -8.040 -8.410 -8.720 -9.200 -8.560 -6.330 -7.600 -8.740 -4.530 -3.090 -3.090 -2.880 -2.020 -2.460 -6.000 -4.130 -3.660 -3.600 -5.140 -5.400 -4.930 -5.170 -4.790 -2.750 -4.170 -3.080 -2.550 -2.180 -4.110 -4.780 -4.690 -4.480 -3.980 -3.960 -3.860 -3.390 -3.170 -3.430 -3.040 -3.300
-7.860 -6.910 -5.900 -5.350 -5.310 -3.580 -2.740 -2.820 -1.380 -1.010 -0.420 -1.080 -1.420 -0.920 -3.170 -4.240 -4.150 -4.940 -3.910 -4.060 -6.990 -6.630 -5.500 -5.840 -7.890 -7.060 -8.170 -7.380 -7.410 -8.550 -8.530 -8.580 -9.220 -8.930 -8.410 -8.750 -8.790 -5.210 -3.400 -2.430 -2.990 -2.510 -2.130 -2.390 -2.500 -5.590 -5.570 -5.340 -5.700 -5.360 -5.820 -5.330 -3.790 -5.550 -4.620 -3.280 -2.770 -3.320 -4.750 -5.750 -5.540 -4.740 -4.540 -4.380 -4.050 -3.820 -3.350 -3.100 -3.890 -4.240
