exam/dataset/LITTO3D_FRA_0926_6224_MNT5_20150529_LAMB93_RGF93_IGN69.asc
ncols 200
nrows 200
xllcenter 926000.000
yllcenter 6223005.000
cellsize 5.0000
nodata_value -99999
[rows 31 to 61 of 200, columns 70 to 139 of 200]
-0.740 -1.740 -1.000 -0.940 -0.600 -0.410 0.220 0.790 1.650 4.080 8.940 10.380 10.310 9.560 10.650 10.440 10.990 12.310 12.910 13.040 12.680 13.230 12.490 11.630 11.700 11.730 10.890 10.880 10.120 9.560 9.280 8.900 8.650 8.390 7.950 7.770 7.660 7.550 7.400 6.820 6.430 6.140 6.020 5.870 5.610 5.470 5.190 5.080 4.980 4.850 4.830 4.890 4.840 4.610 4.480 4.520 4.590 4.450 4.280 4.500 4.200 4.160 4.240 4.170 4.160 4.070 4.330 4.000 4.330 4.700
-1.080 -1.400 -1.580 -1.340 -1.390 -0.960 -0.210 0.460 1.400 4.120 6.870 10.000 11.330 10.300 10.620 11.250 11.130 11.420 12.150 13.120 13.050 12.900 13.340 13.160 13.060 13.010 12.300 10.970 10.280 9.630 9.150 8.770 8.550 8.260 7.890 7.730 7.410 6.970 6.530 6.340 6.310 6.010 6.290 5.910 5.290 5.530 5.190 4.990 4.970 4.910 4.760 4.710 4.660 4.630 4.500 4.510 4.950 5.280 4.760 4.500 4.400 4.460 4.160 4.140 4.270 4.210 4.190 4.120 4.050 4.770
-1.860 -1.480 -1.680 -1.520 -1.100 -0.650 -0.520 0.270 0.950 1.850 5.910 10.050 12.190 11.510 10.990 12.020 12.400 12.650 12.540 12.350 13.170 12.730 14.080 14.320 13.850 13.010 12.410 11.230 10.340 9.670 9.370 8.950 8.530 7.910 7.510 7.330 7.000 6.610 6.450 6.460 6.130 6.130 5.980 6.010 5.450 5.440 5.060 4.930 4.920 5.040 5.220 4.620 4.730 4.980 4.930 4.800 5.720 6.330 6.550 7.170 7.030 5.290 4.990 4.420 4.300 4.220 4.180 3.970 3.900 3.930
-0.780 -1.380 -1.450 -1.560 -1.130 -0.790 -0.460 0.030 0.920 2.550 6.740 11.300 12.220 12.490 11.750 12.450 13.530 13.840 14.730 14.350 13.190 13.340 14.010 13.840 13.480 12.910 11.770 11.130 10.180 9.620 9.270 8.710 8.290 7.570 7.260 7.080 6.870 6.600 6.690 6.890 6.280 6.260 5.930 5.750 5.440 5.200 5.120 4.940 4.940 5.130 5.220 4.940 4.910 5.470 5.070 4.980 5.990 7.190 8.130 8.650 8.610 9.770 8.030 6.700 6.340 4.500 4.950 5.000 4.660 4.210
0.280 -0.740 -1.230 -0.970 -0.980 -0.740 -0.720 -0.220 1.380 3.740 8.510 11.140 12.040 12.940 12.460 12.450 13.810 14.560 15.490 15.820 15.600 14.170 13.580 13.320 12.870 12.430 12.940 11.230 10.280 9.870 9.510 8.890 8.210 7.720 7.280 7.130 7.000 6.720 6.390 6.380 5.990 5.760 5.690 5.360 5.370 5.220 5.210 5.020 5.020 5.040 5.080 5.210 5.040 5.240 5.270 5.360 7.040 7.670 9.200 10.090 10.100 10.170 9.700 8.840 8.300 7.070 6.770 6.680 6.860 6.100
-1.810 -1.390 -1.580 -1.100 -1.000 -0.630 -0.510 0.260 2.050 5.210 9.580 10.720 11.480 12.530 13.520 12.740 13.460 14.400 15.240 14.990 14.510 14.130 13.580 13.150 12.950 13.170 12.210 11.220 10.580 9.800 9.420 8.610 8.280 8.040 7.110 7.210 7.010 6.360 6.370 6.160 5.910 5.750 5.660 5.260 5.850 5.390 5.420 5.590 5.430 5.620 5.150 4.750 4.880 5.330 5.350 5.750 7.180 7.970 9.020 11.010 12.280 10.870 10.070 9.660 9.730 9.510 8.870 8.120 7.620 7.770
-1.300 -1.760 -1.790 -1.270 -1.000 -0.730 -0.310 0.130 1.520 6.430 8.940 10.530 10.750 11.500 13.470 13.530 13.070 13.890 13.910 13.910 13.750 13.530 13.480 13.500 13.440 12.250 11.540 11.040 10.130 9.720 9.140 8.610 8.640 7.970 7.630 7.400 6.990 6.700 6.310 6.340 6.130 5.880 5.290 6.030 5.670 6.410 6.180 5.520 5.420 5.780 5.170 5.020 5.270 5.420 5.400 5.280 7.910 7.840 8.620 11.570 13.070 12.300 11.540 11.320 11.210 11.720 10.620 10.030 9.090 8.750
-1.710 -1.780 -1.530 -1.100 -1.050 -0.680 -0.500 -0.050 0.750 1.690 4.060 8.940 9.660 10.390 12.190 14.060 13.290 13.230 13.040 13.140 13.350 13.430 13.950 13.550 12.770 11.930 11.290 10.550 10.430 9.900 9.420 8.820 8.370 7.960 8.080 7.710 7.260 6.300 6.040 5.950 6.030 5.840 5.820 5.740 5.470 5.460 5.220 5.190 5.180 5.220 5.310 4.910 4.910 5.290 5.440 6.400 7.830 8.170 8.330 10.820 14.280 13.780 13.110 12.560 12.900 13.080 13.320 12.260 10.900 10.550
-2.350 -1.680 -1.430 -1.140 -0.870 -1.450 -1.010 -0.970 -0.400 0.450 1.290 7.530 8.240 10.020 12.550 14.230 13.480 14.900 14.290 13.150 13.280 13.260 13.660 12.770 12.060 11.520 11.530 10.720 10.000 9.840 9.410 9.000 8.460 8.430 8.250 7.860 7.240 6.740 6.570 6.280 5.890 5.560 5.430 5.310 5.370 5.350 5.380 5.220 5.360 5.290 5.310 5.310 5.360 5.720 6.450 7.860 7.940 8.220 8.240 8.980 15.040 14.650 14.320 14.230 14.170 14.560 15.280 15.380 13.630 12.360
-2.530 -2.180 -1.670 -1.520 -1.630 -1.510 -1.310 -1.010 -0.560 -0.120 0.580 4.210 8.260 9.570 12.460 14.180 13.510 15.790 13.850 13.330 13.250 13.200 12.700 12.460 11.550 11.370 11.220 11.150 10.550 9.880 9.450 9.140 9.340 8.960 8.310 7.800 7.340 6.850 6.650 6.170 5.850 5.660 5.470 5.480 5.430 5.340 5.400 5.530 5.430 5.360 5.440 5.450 5.800 5.930 6.540 7.930 7.900 8.070 10.550 16.690 16.550 15.880 15.410 15.620 15.610 16.010 16.540 17.070 15.870 14.760
-2.210 -2.190 -1.470 -1.730 -1.500 -1.190 -0.990 -0.950 -0.520 -0.200 0.600 2.680 7.960 9.690 11.900 13.830 13.350 15.510 13.940 13.310 13.400 12.880 12.400 12.600 12.040 11.600 10.940 11.080 10.560 10.130 9.890 9.930 9.790 10.040 9.570 8.670 8.250 7.410 7.110 6.180 6.060 5.820 5.760 5.670 5.570 5.620 5.670 5.720 5.580 5.710 5.540 5.590 5.870 6.140 6.360 7.810 8.020 8.520 14.030 16.620 16.290 16.680 16.580 16.600 16.950 17.210 18.140 18.570 18.340 16.660
-2.270 -2.020 -1.590 -1.250 -1.130 -0.850 -0.750 -0.420 -0.850 -0.190 0.400 1.280 7.360 8.560 10.890 13.800 13.910 13.730 13.420 13.510 12.970 12.320 12.270 12.120 11.710 11.600 11.120 11.160 11.390 10.980 10.790 10.550 10.370 10.240 9.880 9.060 8.800 8.280 7.700 6.410 6.110 5.980 5.830 5.670 5.610 5.750 5.720 5.600 5.700 5.680 5.640 5.660 5.720 6.350 6.990 7.880 8.170 8.780 9.330 10.360 16.240 17.710 17.990 17.670 17.980 18.530 18.960 19.600 19.630 18.180
-2.060 -1.660 -1.480 -1.370 -1.170 -0.550 -0.750 -0.370 -0.560 -0.270 0.360 6.380 6.850 7.920 9.620 11.920 14.740 13.500 13.550 13.500 13.190 12.650 12.780 12.210 11.580 11.450 11.570 11.720 11.640 11.120 10.560 10.240 10.770 10.770 10.260 9.380 8.790 8.630 8.050 6.420 6.210 6.020 5.840 5.850 5.830 5.860 5.730 5.830 5.800 5.850 5.850 5.850 5.950 6.730 7.300 7.930 8.390 8.980 9.210 9.670 14.640 18.630 18.850 18.790 18.740 19.520 20.150 21.080 21.010 20.590
-1.710 -1.570 -1.450 -1.260 -1.330 -0.880 -0.790 -0.290 -0.060 0.630 2.210 1.060 1.420 5.080 8.930 10.330 13.530 13.740 13.550 13.470 13.270 13.340 13.050 12.460 12.310 12.200 12.130 11.630 11.840 11.430 10.830 10.810 10.800 10.760 10.980 10.510 9.280 9.330 8.410 6.720 6.400 6.140 6.070 5.930 5.940 5.950 5.980 6.020 5.870 5.860 5.970 6.040 6.050 6.860 7.890 8.110 8.530 8.930 9.240 9.800 13.660 18.450 19.720 20.110 20.290 20.260 21.230 21.680 22.220 21.970
-1.480 -1.360 -1.400 -1.160 -1.450 -1.080 -0.530 -0.310 -0.490 -0.540 -0.100 0.400 1.180 1.540 6.520 9.440 11.410 13.820 14.960 13.900 13.470 13.440 13.180 13.460 12.970 12.620 12.550 11.740 11.750 11.730 10.830 10.540 10.550 10.310 10.080 10.000 9.330 9.300 8.590 7.300 6.590 6.360 6.130 6.080 6.210 6.100 6.130 6.100 6.060 6.030 6.130 6.190 6.350 6.890 7.980 8.470 8.980 9.370 9.410 10.900 13.450 14.950 17.140 21.190 21.300 21.470 22.120 22.570 22.950 23.220
-1.150 -1.180 -1.240 -1.120 -0.930 -1.270 -0.880 -0.750 -0.700 -0.890 -0.180 0.070 0.490 1.470 3.070 6.740 8.540 10.890 13.750 14.770 14.300 13.390 13.440 13.330 13.050 13.520 13.200 12.010 11.370 10.970 10.770 10.700 9.860 9.840 10.130 9.530 9.260 9.330 9.290 8.460 7.080 6.470 6.330 6.350 6.300 6.270 6.230 6.150 6.120 6.120 6.240 6.350 6.530 6.890 7.940 8.720 9.020 9.430 9.810 12.900 13.160 13.570 15.740 20.440 22.240 22.540 22.920 23.220 23.980 25.080
-1.090 -1.070 -0.740 -1.080 -1.070 -1.140 -1.110 -0.920 -1.140 -1.260 -0.830 -0.450 0.030 0.770 1.440 3.970 6.810 7.880 9.370 10.860 13.130 13.080 13.320 13.450 13.780 14.170 13.600 12.470 11.420 11.170 10.470 10.280 10.100 9.820 9.440 9.200 9.380 9.250 9.280 9.100 7.380 6.610 6.520 6.430 6.390 6.380 6.330 6.260 6.180 6.340 6.420 6.560 6.790 7.060 8.110 8.900 9.250 9.360 10.430 12.460 12.890 13.070 14.060 17.430 22.520 23.600 23.800 24.340 25.040 26.650
-0.660 -1.070 -0.580 -0.710 -0.760 -0.870 -1.070 -1.080 -1.030 -1.110 -0.970 -0.750 -0.370 0.240 0.810 1.340 6.850 8.610 8.130 9.320 10.260 10.910 13.480 13.360 13.120 13.050 13.090 12.360 12.610 10.880 10.180 10.020 9.850 9.740 9.460 9.390 9.330 9.460 9.220 9.490 9.220 6.890 6.640 6.600 6.560 6.550 6.460 6.560 6.380 6.390 6.660 6.760 6.950 7.190 7.620 8.590 9.530 9.520 10.610 12.530 12.650 12.750 13.140 16.460 22.110 23.550 24.230 24.630 25.740 26.280
-0.650 -0.780 -0.440 -0.320 -0.490 -1.020 -1.230 -1.240 -1.050 -1.190 -1.060 -0.750 -0.440 -0.060 0.100 0.900 1.430 1.690 2.380 6.370 9.860 10.300 10.430 11.860 13.270 13.050 12.890 12.580 12.710 11.990 11.260 10.230 10.040 9.860 9.680 9.450 9.850 9.710 9.380 9.600 9.880 7.340 6.850 6.730 6.740 6.710 6.660 6.700 6.610 6.580 6.780 6.950 7.100 7.410 7.770 8.350 9.280 9.940 10.820 12.390 12.540 12.720 12.740 14.430 21.370 22.720 23.890 24.800 26.500 26.590
0.540 0.510 0.280 -0.290 0.040 0.210 -0.700 -1.640 -1.580 -1.230 -0.870 -0.760 -0.720 -0.330 -0.230 0.090 1.100 1.280 2.320 5.360 8.250 10.320 10.310 10.470 13.350 13.220 13.150 14.000 13.010 13.170 12.380 11.500 10.060 9.900 9.960 9.660 9.860 10.000 9.430 9.610 10.080 7.750 6.830 7.050 6.920 6.790 6.850 6.780 6.670 6.800 6.880 7.040 7.260 7.510 7.820 8.220 8.640 9.540 10.500 12.010 12.520 12.630 12.970 15.600 20.460 21.860 23.020 24.620 26.310 26.920
2.600 2.890 1.180 0.580 1.080 -1.060 -0.860 -1.750 -1.210 -1.640 -1.300 -1.210 -0.830 -0.550 -0.130 -0.050 0.670 0.870 4.440 5.900 9.080 10.930 10.380 10.590 13.180 13.360 13.480 14.040 13.630 13.620 13.130 12.510 10.800 10.940 10.440 10.150 9.760 9.540 9.270 9.270 9.900 8.910 6.930 7.080 6.940 6.900 6.920 6.980 6.820 6.810 6.910 7.120 7.300 7.480 7.930 8.250 8.340 9.460 10.260 11.710 12.390 12.530 13.540 15.750 19.500 20.930 22.590 23.780 25.080 26.600
2.330 4.290 1.940 -0.010 -0.780 -1.400 -1.640 -0.540 -1.350 -1.530 -1.680 -1.340 -1.100 -0.660 -0.340 -0.320 0.010 2.490 5.650 7.550 9.960 10.210 10.690 10.730 12.780 14.250 13.950 14.380 14.200 13.670 12.580 12.170 12.050 11.330 10.620 10.480 9.890 9.530 9.300 8.970 8.960 8.350 7.200 7.150 7.060 7.050 7.150 7.040 7.020 6.970 7.080 7.270 7.460 7.650 7.930 8.340 8.780 9.500 10.740 11.720 11.960 12.410 15.230 17.000 18.790 19.660 21.330 22.960 24.410 26.210
0.700 3.460 0.970 -1.210 -1.180 -2.070 -1.170 -1.630 -1.860 -1.710 -2.130 -1.450 -1.270 -1.050 -0.640 -0.530 0.510 5.390 6.600 9.330 10.340 10.280 11.520 10.980 13.080 14.170 14.300 14.600 15.130 14.270 13.000 12.270 12.540 12.630 11.470 11.040 10.610 9.630 9.420 9.080 8.590 7.680 7.310 7.070 7.240 7.200 7.220 7.160 7.070 7.190 7.220 7.430 7.570 7.780 8.070 8.390 8.830 9.300 10.940 11.250 11.660 12.720 16.130 16.780 17.600 18.690 20.690 21.940 23.730 25.410
-0.090 -0.860 -0.610 -1.570 -1.840 -2.270 -1.570 -1.520 -1.930 -2.490 -1.930 -1.610 -1.350 -1.120 -0.500 -0.400 3.760 6.560 8.370 10.290 9.780 10.770 12.200 12.490 13.800 15.170 14.450 15.660 17.210 15.810 13.720 12.760 13.240 13.120 11.920 11.490 10.650 9.590 9.470 9.120 8.460 7.650 7.950 7.320 7.280 7.220 7.280 7.230 7.210 7.280 7.380 7.480 7.640 7.900 8.150 8.370 8.810 9.360 9.990 11.380 11.570 14.060 15.650 16.440 17.690 19.110 20.280 21.850 23.450 24.410
-1.900 -1.920 -1.850 -1.750 -1.980 -2.550 -2.600 -2.520 -1.200 -1.730 -2.250 -1.190 -0.190 -0.460 -0.460 0.210 5.930 8.010 9.300 9.520 11.030 12.000 12.560 12.720 14.690 15.230 14.500 16.800 18.520 17.370 15.760 14.160 13.980 13.630 12.310 11.860 10.620 9.770 9.690 9.520 9.060 8.740 8.120 7.570 7.420 7.400 7.330 7.470 7.400 7.430 7.570 7.690 7.890 8.040 8.260 8.580 8.960 9.330 9.880 10.940 11.860 12.880 14.620 15.710 17.330 19.230 20.300 21.600 23.880 25.460
-2.280 -2.340 -2.170 -2.190 -2.790 -2.570 -2.340 -2.130 -1.840 -2.300 -1.440 -0.850 2.420 0.600 -0.230 1.240 6.720 9.510 10.990 11.820 12.040 13.620 13.040 13.860 14.560 15.150 14.940 17.810 18.360 16.220 16.240 16.570 15.010 13.970 12.830 12.350 11.130 10.570 10.350 10.300 9.940 9.770 9.510 7.780 7.590 7.520 7.520 7.520 7.580 7.560 7.660 7.710 7.810 8.060 8.210 8.570 8.920 9.370 9.880 10.390 12.190 12.750 13.750 15.240 16.590 18.230 20.070 22.640 24.140 25.190
-2.240 -2.360 -2.330 -2.010 -2.640 -2.440 -2.670 -2.100 -2.590 -1.940 -1.540 -1.020 -0.690 0.200 1.110 1.240 5.440 10.640 11.170 12.360 12.790 14.150 13.390 14.550 15.230 15.220 16.080 19.540 17.320 14.870 14.540 15.070 14.760 14.030 13.320 13.660 13.180 12.670 12.160 11.310 10.400 9.780 9.190 8.000 7.770 7.550 7.620 7.650 7.530 7.740 7.770 7.820 7.990 8.260 8.530 8.680 9.140 9.580 10.010 10.550 11.520 12.350 13.450 14.730 16.340 17.050 19.510 22.320 24.070 25.210
-2.790 -2.490 -2.760 -3.810 -3.180 -2.620 -2.140 -2.130 -2.530 -2.010 -1.610 -1.300 -0.950 0.690 1.410 4.400 10.540 11.620 12.370 13.050 14.140 14.560 14.520 15.510 16.850 15.650 17.700 19.090 16.470 14.800 14.630 14.530 14.680 14.560 14.140 14.560 14.310 13.290 12.360 11.450 10.590 9.240 8.960 8.120 8.010 7.830 7.860 7.620 7.730 7.890 7.930 8.070 8.180 8.250 8.530 8.740 9.090 9.610 10.030 10.620 11.170 12.470 13.020 14.660 16.250 16.970 18.440 22.440 24.210 25.440
-3.660 -3.760 -3.710 -3.580 -3.510 -2.450 -2.030 -2.170 -2.360 -1.890 -1.720 -1.620 -0.550 0.320 3.460 8.530 11.690 12.730 13.760 14.150 15.160 15.150 16.120 17.100 16.320 16.260 19.200 17.710 15.530 14.810 14.720 14.690 14.590 14.400 14.470 15.030 14.340 13.530 13.080 12.520 10.720 9.720 8.570 8.250 8.170 8.100 7.900 7.810 7.900 7.980 8.030 8.130 8.220 8.470 8.650 8.880 9.190 9.690 10.100 10.610 11.120 12.540 12.810 14.340 16.210 17.980 19.190 21.260 23.480 24.940
-4.000 -3.620 -3.630 -3.270 -2.980 -2.760 -2.530 -2.230 -2.300 -1.880 0.440 2.400 0.420 3.470 7.520 10.400 11.910 13.490 14.690 15.590 15.530 15.870 17.410 17.580 16.500 17.300 19.970 16.980 15.050 14.760 14.730 14.720 14.630 14.560 14.730 14.510 14.810 14.260 14.040 12.930 11.410 10.110 8.870 8.610 8.300 8.210 7.980 7.990 7.980 8.120 8.180 8.220 8.270 8.510 8.750 8.970 9.270 9.700 10.160 10.600 10.980 11.850 12.730 14.170 16.210 17.720 19.130 20.540 22.630 24.090
-3.980 -3.060 -2.910 -3.430 -2.880 -2.150 -2.450 -2.860 -2.560 -1.660 1.470 2.450 1.930 3.310 9.620 10.740 12.080 13.400 14.570 15.990 16.600 16.700 17.210 17.200 16.810 19.010 19.230 16.510 14.910 14.820 14.750 14.690 14.750 14.670 14.550 15.000 15.150 14.800 14.530 13.260 12.170 10.640 10.040 9.220 8.470 8.230 8.120 8.230 8.200 8.190 8.240 8.370 8.530 8.750 8.840 9.060 9.350 9.740 10.240 10.610 11.040 11.730 12.990 14.100 15.800 17.300 19.050 20.480 22.020 23.620
