exam/dataset/LITTO3D_FRA_0926_6224_MNT5_20150529_LAMB93_RGF93_IGN69.asc
ncols 200
nrows 200
xllcenter 926000.000
yllcenter 6223005.000
cellsize 5.0000
nodata_value -99999
[rows 124 to 154 of 200, columns 0 to 69 of 200]
-22.040 -21.780 -21.540 -21.260 -21.110 -20.520 -20.610 -20.190 -20.090 -19.670 -19.540 -19.220 -18.930 -18.740 -18.630 -18.520 -18.290 -18.300 -17.970 -18.080 -18.240 -17.730 -17.810 -17.420 -17.620 -17.390 -17.430 -16.960 -17.140 -17.120 -16.910 -16.720 -16.560 -16.510 -16.340 -16.460 -15.950 -15.850 -15.530 -13.580 -12.000 -10.880 -13.080 -12.810 -12.970 -10.770 -10.720 -8.590 -11.660 -10.300 -7.560 -8.750 -8.460 -9.950 -9.630 -9.940 -9.890 -10.200 -8.350 -9.040 -9.050 -8.840 -8.750 -8.500 -8.410 -7.670 -7.530 -6.340 -4.940 -2.350
-22.210 -22.270 -22.210 -21.530 -21.470 -21.130 -20.950 -20.580 -20.250 -20.140 -19.780 -19.580 -19.310 -19.050 -18.910 -18.770 -18.720 -18.440 -18.250 -18.040 -18.250 -18.080 -17.890 -17.480 -17.320 -17.400 -17.520 -17.380 -17.400 -17.230 -17.290 -16.930 -16.900 -16.850 -16.660 -16.510 -16.530 -15.840 -15.120 -13.430 -12.230 -12.370 -12.230 -11.440 -11.070 -11.050 -11.040 -8.250 -11.450 -9.890 -7.400 -7.490 -10.080 -9.120 -8.920 -10.720 -9.390 -10.480 -8.080 -9.880 -9.320 -9.080 -8.990 -9.530 -8.150 -7.710 -7.870 -5.740 -2.570 -2.810
-22.640 -22.450 -22.110 -21.690 -21.790 -21.120 -21.110 -20.700 -20.400 -20.310 -20.260 -19.900 -19.700 -19.580 -19.420 -19.100 -19.020 -18.680 -18.400 -18.250 -18.240 -18.020 -17.960 -17.200 -17.940 -18.010 -17.560 -17.520 -17.620 -17.450 -17.280 -17.270 -17.090 -17.010 -16.880 -16.660 -16.130 -15.310 -14.220 -13.040 -12.650 -12.410 -12.030 -11.580 -11.450 -11.150 -10.690 -10.710 -11.330 -7.930 -10.120 -10.030 -8.960 -10.930 -8.530 -8.980 -9.190 -11.040 -10.100 -10.080 -9.870 -9.420 -9.260 -8.630 -6.680 -9.170 -4.840 -3.740 -3.460 -3.630
-22.770 -22.470 -22.450 -22.040 -21.670 -21.350 -21.190 -20.960 -20.910 -20.590 -20.310 -20.470 -19.940 -19.830 -19.770 -19.680 -19.160 -18.990 -18.760 -18.720 -18.440 -18.260 -18.050 -17.740 -17.780 -18.080 -17.930 -17.790 -17.730 -17.620 -17.280 -17.250 -17.160 -17.240 -16.920 -16.650 -15.820 -14.570 -13.620 -13.090 -13.020 -12.880 -13.000 -12.760 -11.750 -11.840 -11.340 -11.210 -12.170 -11.260 -9.900 -10.670 -10.470 -10.990 -10.800 -10.360 -9.900 -10.520 -10.770 -10.430 -10.110 -9.760 -9.940 -9.050 -9.940 -9.590 -5.050 -4.450 -4.450 -3.840
-22.820 -22.780 -22.380 -22.440 -22.090 -21.730 -21.220 -21.420 -21.200 -20.970 -20.820 -20.520 -20.250 -19.990 -20.050 -19.640 -19.550 -19.240 -18.950 -18.850 -18.710 -18.570 -18.360 -18.020 -18.320 -18.260 -18.090 -17.960 -17.960 -17.690 -17.410 -17.490 -17.410 -17.320 -17.180 -16.440 -15.460 -14.160 -13.560 -13.720 -13.190 -13.530 -13.510 -13.310 -12.380 -12.040 -9.690 -11.370 -11.810 -11.920 -11.570 -11.680 -11.530 -11.340 -11.440 -10.750 -10.410 -11.320 -9.790 -10.570 -10.270 -10.190 -10.110 -9.860 -9.420 -4.760 -6.010 -5.840 -6.070 -4.820
-22.990 -22.980 -22.830 -22.620 -22.190 -21.770 -21.870 -21.530 -21.350 -21.080 -20.770 -20.770 -20.580 -20.330 -19.990 -20.110 -19.660 -19.500 -19.170 -19.180 -19.000 -18.840 -18.550 -18.500 -18.480 -18.340 -18.430 -18.050 -17.920 -17.770 -17.620 -17.840 -17.810 -17.360 -16.820 -15.840 -14.650 -13.740 -13.750 -14.190 -14.290 -14.420 -13.980 -13.860 -13.200 -10.400 -6.560 -6.930 -11.780 -11.300 -9.790 -12.140 -12.090 -12.340 -12.080 -12.140 -10.580 -11.820 -9.500 -10.910 -10.630 -10.410 -10.550 -10.060 -9.300 -5.850 -6.730 -6.860 -6.170 -6.370
-23.700 -23.080 -23.050 -22.800 -22.490 -22.190 -21.830 -21.610 -21.550 -21.340 -21.040 -20.760 -20.670 -20.360 -20.150 -20.130 -19.990 -19.730 -19.820 -19.260 -19.230 -18.990 -18.880 -18.650 -18.690 -18.470 -18.330 -18.240 -18.050 -17.890 -17.710 -18.040 -17.480 -16.690 -15.930 -15.180 -14.030 -13.560 -14.090 -14.910 -14.550 -15.180 -14.710 -13.900 -13.280 -9.550 -6.750 -8.420 -12.010 -11.910 -10.610 -12.390 -12.770 -12.500 -12.620 -12.190 -12.130 -11.670 -11.440 -11.340 -11.110 -10.710 -10.650 -9.260 -8.990 -8.470 -7.860 -7.610 -6.320 -7.390
-23.810 -23.270 -23.010 -22.860 -22.080 -22.340 -22.190 -21.850 -21.840 -21.590 -21.000 -21.130 -20.720 -20.560 -20.240 -20.430 -20.110 -19.890 -19.780 -19.490 -19.330 -19.290 -18.990 -18.860 -18.690 -18.770 -18.500 -18.310 -18.080 -17.970 -18.460 -17.980 -17.080 -15.920 -15.220 -14.850 -14.110 -13.790 -14.160 -14.910 -14.910 -15.050 -14.880 -14.190 -13.430 -12.590 -9.780 -9.280 -9.810 -12.570 -8.820 -11.750 -13.220 -13.460 -13.150 -12.770 -12.490 -12.240 -11.880 -11.660 -11.290 -11.240 -10.930 -10.060 -9.430 -8.820 -8.320 -8.110 -8.000 -6.350
-23.970 -23.570 -23.400 -23.170 -22.960 -22.670 -22.320 -21.910 -22.110 -21.630 -21.400 -20.990 -20.850 -20.690 -20.540 -20.290 -20.190 -20.090 -19.890 -19.580 -19.700 -19.270 -19.220 -18.990 -19.220 -18.860 -18.430 -18.400 -18.400 -18.360 -18.260 -17.720 -16.570 -15.530 -15.420 -15.260 -14.630 -14.030 -14.260 -14.600 -14.890 -15.010 -15.100 -14.750 -14.080 -13.010 -11.310 -9.560 -11.990 -13.090 -12.980 -13.950 -13.700 -13.680 -13.500 -13.160 -12.970 -12.690 -12.180 -12.000 -11.600 -11.310 -11.210 -10.440 -9.790 -9.810 -9.370 -8.670 -5.860 -2.360
-23.940 -23.770 -23.550 -23.310 -22.930 -22.740 -22.420 -22.150 -22.040 -21.890 -21.690 -21.450 -20.980 -20.780 -20.630 -20.600 -20.280 -20.140 -19.790 -20.270 -19.590 -19.450 -19.350 -19.670 -19.470 -18.950 -18.470 -18.400 -18.880 -18.720 -18.570 -17.510 -16.040 -15.590 -15.700 -15.390 -14.480 -10.960 -9.710 -11.750 -14.420 -14.430 -12.420 -12.810 -13.880 -12.930 -12.050 -11.870 -11.260 -13.650 -14.000 -14.200 -14.270 -13.900 -13.670 -13.480 -13.240 -13.100 -12.860 -12.630 -12.230 -11.770 -11.660 -10.720 -10.840 -10.340 -9.050 -7.490 -3.800 -3.090
-23.930 -23.750 -23.840 -23.300 -23.170 -22.860 -22.720 -22.300 -22.160 -21.990 -21.730 -21.440 -21.060 -20.930 -20.910 -20.460 -20.390 -20.060 -20.150 -19.820 -19.530 -19.110 -19.880 -19.630 -19.150 -18.660 -18.560 -19.210 -18.930 -18.730 -18.290 -17.190 -16.030 -15.890 -14.400 -12.860 -8.250 -6.380 -5.040 -6.810 -10.950 -14.340 -12.280 -11.320 -12.660 -11.960 -12.440 -11.880 -13.380 -14.570 -13.750 -14.060 -14.560 -14.160 -13.990 -13.940 -14.170 -13.540 -13.270 -12.870 -12.520 -12.380 -12.090 -11.740 -11.740 -11.540 -5.720 -3.340 -1.670 0.540
-24.240 -24.070 -23.860 -23.460 -23.320 -23.090 -22.780 -22.720 -22.360 -22.140 -21.880 -21.570 -21.100 -20.940 -20.720 -20.520 -20.430 -20.280 -20.000 -19.760 -19.270 -19.220 -19.570 -19.250 -19.030 -18.710 -19.000 -18.720 -18.880 -18.620 -17.790 -16.770 -15.940 -14.740 -12.320 -9.070 -6.490 -4.810 -3.360 -3.830 -11.490 -14.320 -13.610 -13.400 -13.350 -12.730 -13.070 -13.390 -13.960 -15.010 -14.570 -15.200 -14.600 -14.360 -14.190 -14.470 -14.540 -14.120 -13.660 -13.320 -12.870 -12.850 -12.790 -12.420 -12.460 -6.580 -4.250 -0.060 0.540 -0.160
-24.520 -24.200 -23.830 -23.750 -23.560 -23.160 -22.850 -22.910 -22.560 -22.510 -21.860 -21.530 -21.450 -21.020 -20.960 -20.850 -20.340 -20.240 -20.140 -19.770 -19.330 -19.260 -19.100 -19.050 -18.930 -19.150 -18.560 -17.990 -18.590 -18.110 -16.760 -13.940 -11.090 -15.390 -12.210 -8.940 -7.400 -7.040 -6.960 -5.950 -7.420 -9.630 -10.340 -12.750 -12.380 -12.410 -13.660 -14.060 -13.540 -14.020 -14.830 -15.150 -14.750 -14.940 -14.720 -14.820 -14.510 -14.610 -14.240 -13.830 -13.770 -13.570 -13.370 -13.610 -12.060 -4.160 -1.780 0.120 -1.160 -2.170
-24.350 -24.250 -24.270 -23.790 -23.570 -23.390 -23.070 -22.780 -22.360 -22.330 -22.030 -21.810 -21.490 -21.360 -21.060 -20.840 -20.610 -20.480 -20.140 -19.760 -19.380 -19.640 -19.310 -18.950 -19.000 -18.340 -17.790 -16.510 -16.950 -15.050 -13.810 -11.810 -10.320 -12.960 -11.880 -9.630 -9.180 -9.150 -6.770 -6.130 -6.200 -9.410 -8.400 -13.110 -12.990 -11.850 -13.650 -14.380 -12.470 -11.340 -12.300 -15.000 -15.270 -15.200 -15.180 -15.420 -14.850 -14.900 -14.510 -14.560 -14.090 -14.220 -13.520 -10.120 -8.120 -5.330 -1.890 -3.100 -5.680 -5.050
-24.820 -24.110 -24.320 -23.840 -23.920 -23.440 -23.200 -22.810 -22.680 -22.300 -21.850 -21.960 -21.650 -21.420 -21.340 -21.060 -20.950 -20.440 -20.230 -19.810 -19.680 -19.560 -19.340 -19.160 -18.860 -17.970 -17.210 -16.810 -15.690 -13.880 -12.700 -10.930 -9.330 -8.530 -12.390 -11.690 -10.830 -7.880 -7.580 -6.060 -7.410 -9.260 -7.940 -12.690 -13.310 -12.480 -12.520 -14.450 -12.390 -10.850 -15.720 -15.760 -15.520 -15.570 -15.330 -15.180 -15.220 -15.240 -15.050 -14.820 -14.890 -14.590 -14.310 -12.550 -10.100 -6.620 -4.640 -5.100 -6.970 -6.760
-24.940 -24.450 -24.320 -23.980 -24.170 -23.550 -23.320 -23.070 -22.710 -22.250 -21.930 -21.940 -21.750 -21.540 -21.200 -21.080 -20.680 -20.460 -20.060 -19.800 -19.470 -19.580 -19.450 -19.440 -18.650 -17.820 -17.340 -17.230 -15.220 -14.460 -12.440 -11.370 -10.850 -15.220 -14.390 -10.620 -8.130 -6.520 -9.180 -7.410 -10.290 -9.320 -8.350 -12.610 -12.840 -12.690 -14.820 -14.350 -13.870 -13.960 -15.830 -15.760 -15.670 -15.720 -15.620 -15.450 -15.440 -15.430 -15.350 -15.370 -15.210 -15.240 -14.490 -13.800 -13.310 -11.450 -9.570 -8.790 -6.630 -5.250
-24.790 -24.990 -24.530 -24.460 -23.870 -23.730 -23.350 -23.260 -23.090 -22.370 -22.260 -21.810 -21.670 -21.550 -21.320 -21.030 -21.020 -20.430 -20.210 -19.780 -19.690 -19.570 -19.400 -19.390 -18.850 -17.860 -17.730 -17.140 -16.320 -14.420 -12.730 -11.560 -10.530 -14.850 -13.400 -10.410 -8.340 -7.790 -5.200 -6.960 -10.700 -11.290 -12.110 -13.390 -13.800 -14.010 -14.250 -14.440 -14.260 -15.990 -16.240 -16.130 -16.320 -15.670 -15.730 -15.600 -15.640 -15.600 -15.690 -15.770 -15.520 -15.490 -14.810 -14.190 -14.330 -9.050 -7.080 -7.920 -4.720 -3.890
-25.170 -24.790 -24.670 -24.530 -24.100 -23.940 -23.520 -23.460 -22.970 -22.640 -21.810 -22.040 -21.830 -21.480 -21.530 -21.120 -20.840 -20.630 -20.290 -19.960 -19.740 -19.670 -19.880 -19.590 -18.660 -18.300 -17.230 -17.600 -18.010 -15.010 -13.230 -12.420 -11.000 -15.370 -14.210 -11.120 -9.500 -6.910 -5.050 -6.390 -12.090 -12.740 -14.700 -13.680 -14.380 -14.280 -14.910 -14.430 -14.370 -16.300 -16.370 -16.190 -15.930 -16.140 -15.790 -15.930 -15.430 -15.670 -15.940 -15.730 -15.700 -15.570 -15.110 -14.810 -14.020 -9.540 -7.710 -6.610 -5.890 -4.550
-25.290 -24.760 -24.660 -24.180 -24.390 -24.260 -24.070 -23.650 -23.160 -22.870 -22.300 -22.260 -21.960 -21.780 -21.440 -21.400 -21.090 -20.840 -20.360 -20.300 -19.930 -20.030 -20.750 -20.140 -20.270 -19.000 -19.680 -17.070 -16.710 -12.160 -11.290 -12.270 -11.280 -13.420 -14.430 -13.270 -10.460 -7.540 -4.750 -11.880 -12.490 -14.360 -14.720 -14.740 -14.600 -15.000 -15.120 -15.060 -14.630 -16.010 -16.440 -16.070 -16.310 -16.040 -15.830 -15.820 -15.780 -16.090 -15.610 -15.570 -15.870 -15.620 -15.340 -15.040 -14.530 -13.060 -9.890 -8.930 -7.080 -6.390
-25.350 -25.180 -25.210 -24.740 -24.530 -24.440 -24.170 -23.810 -23.450 -23.030 -22.640 -22.340 -22.310 -21.940 -21.780 -21.310 -21.230 -21.150 -20.880 -20.710 -20.660 -20.970 -20.820 -20.560 -20.350 -21.340 -17.730 -15.150 -12.920 -10.310 -10.210 -10.240 -15.350 -16.110 -14.590 -13.130 -9.960 -7.340 -8.150 -14.380 -13.940 -14.790 -15.720 -15.480 -15.640 -15.200 -15.020 -15.470 -16.530 -16.190 -16.520 -16.030 -16.350 -16.110 -16.350 -15.870 -15.960 -15.920 -15.550 -15.740 -15.560 -15.400 -15.420 -15.290 -15.030 -14.890 -13.070 -10.630 -9.260 -8.610
-25.520 -25.130 -25.080 -24.840 -24.680 -24.130 -23.830 -23.960 -23.630 -23.000 -22.820 -22.470 -22.130 -21.900 -21.910 -21.650 -21.370 -21.080 -21.120 -21.230 -21.010 -21.120 -20.860 -20.840 -19.080 -18.390 -16.810 -15.430 -13.710 -12.260 -10.620 -13.560 -16.480 -15.740 -14.770 -11.780 -11.630 -10.510 -10.970 -14.560 -15.280 -14.160 -16.370 -16.350 -15.750 -15.030 -15.030 -15.900 -16.490 -16.790 -16.260 -15.990 -16.090 -16.080 -16.120 -15.670 -15.950 -15.950 -15.670 -15.590 -15.840 -15.650 -15.410 -15.400 -15.270 -15.100 -14.740 -13.380 -12.050 -12.430
-25.760 -25.460 -25.060 -24.960 -24.360 -24.520 -23.990 -23.680 -23.470 -23.240 -23.040 -22.630 -22.290 -21.950 -21.990 -21.710 -21.480 -21.230 -21.100 -21.290 -21.090 -21.000 -21.100 -20.880 -19.210 -18.590 -17.700 -15.780 -15.050 -13.250 -11.290 -16.740 -16.510 -16.180 -15.670 -13.340 -12.490 -11.960 -13.210 -14.620 -14.020 -15.450 -17.220 -17.220 -16.630 -15.950 -16.200 -16.500 -16.710 -16.470 -16.500 -16.420 -16.350 -16.430 -15.950 -15.300 -16.050 -15.780 -15.520 -15.590 -15.490 -15.530 -15.510 -15.390 -14.950 -15.120 -14.840 -14.720 -14.490 -13.730
-25.550 -25.240 -25.200 -24.820 -24.990 -24.770 -24.350 -23.980 -23.850 -23.390 -23.060 -22.840 -22.600 -22.360 -22.050 -21.780 -21.550 -21.370 -21.410 -21.440 -21.200 -21.210 -20.370 -19.580 -19.380 -18.320 -17.460 -17.440 -15.750 -13.860 -12.030 -17.240 -16.890 -16.330 -15.380 -17.000 -16.270 -17.310 -14.040 -12.900 -14.430 -16.930 -17.460 -17.410 -17.030 -17.100 -17.300 -16.810 -16.540 -16.690 -16.460 -16.060 -16.590 -16.270 -16.320 -15.830 -16.080 -15.920 -15.500 -15.670 -15.280 -15.530 -15.630 -15.300 -15.300 -15.370 -15.090 -14.690 -14.580 -14.470
-25.870 -25.610 -25.580 -24.930 -25.010 -24.660 -24.430 -24.040 -24.170 -23.560 -23.350 -23.260 -22.680 -22.540 -22.060 -21.900 -21.590 -21.310 -21.120 -21.360 -21.400 -21.130 -20.520 -19.520 -19.480 -19.420 -18.190 -17.390 -16.490 -14.100 -16.540 -17.960 -17.240 -17.670 -17.470 -18.010 -17.570 -13.920 -12.720 -11.830 -15.440 -16.940 -17.380 -17.470 -17.540 -17.220 -17.450 -17.280 -17.220 -16.900 -16.640 -16.250 -16.530 -16.490 -16.090 -16.270 -16.230 -16.030 -15.580 -15.760 -15.420 -15.700 -15.520 -15.300 -15.520 -15.230 -15.110 -15.030 -14.610 -14.590
-25.580 -25.500 -25.570 -25.380 -25.090 -24.960 -24.520 -24.160 -23.900 -23.600 -23.400 -23.060 -22.730 -22.580 -22.230 -21.920 -21.920 -21.280 -21.240 -21.250 -21.420 -21.290 -20.570 -20.010 -19.690 -19.360 -18.470 -17.750 -16.900 -16.890 -19.010 -18.390 -17.390 -17.350 -17.040 -16.260 -17.390 -15.270 -13.070 -14.050 -14.720 -17.630 -17.440 -17.440 -17.590 -17.300 -17.120 -17.220 -17.230 -17.200 -17.170 -16.720 -16.680 -16.470 -16.680 -16.520 -16.340 -15.940 -15.720 -15.560 -15.440 -15.880 -15.730 -15.650 -15.630 -15.470 -15.210 -15.080 -14.750 -14.970
-25.700 -25.590 -25.680 -25.340 -25.260 -24.700 -25.080 -24.630 -23.920 -24.040 -23.620 -23.610 -22.980 -22.650 -22.220 -22.080 -21.900 -21.350 -21.550 -21.500 -21.400 -21.360 -20.620 -19.990 -19.900 -19.720 -19.110 -18.680 -18.260 -19.720 -18.950 -18.380 -17.910 -18.600 -16.360 -15.110 -13.940 -15.140 -15.450 -15.330 -17.160 -17.390 -17.170 -17.240 -17.220 -17.540 -17.250 -16.950 -17.070 -17.050 -16.960 -16.760 -16.730 -16.340 -16.440 -16.380 -16.290 -16.230 -15.870 -15.710 -15.530 -15.410 -15.590 -15.590 -15.470 -15.330 -14.900 -15.000 -14.620 -15.170
-25.910 -25.920 -25.440 -25.720 -25.190 -25.180 -25.030 -24.450 -24.490 -24.230 -23.610 -23.510 -23.010 -22.660 -22.150 -22.210 -21.700 -21.350 -21.430 -21.640 -21.800 -21.630 -20.960 -20.220 -19.870 -20.250 -20.160 -19.940 -20.360 -20.160 -19.610 -18.690 -18.250 -18.370 -15.600 -14.560 -14.150 -16.940 -17.280 -15.140 -17.360 -17.410 -17.170 -17.290 -17.720 -17.430 -17.220 -16.960 -16.820 -17.060 -16.820 -16.830 -16.770 -16.640 -16.690 -16.310 -16.010 -16.410 -16.060 -15.820 -15.910 -15.450 -15.320 -15.330 -15.390 -15.330 -14.950 -15.190 -15.070 -14.780
-25.960 -25.690 -25.910 -25.440 -25.680 -25.210 -25.100 -24.810 -24.730 -24.320 -23.610 -23.480 -23.270 -22.610 -22.350 -21.980 -21.600 -21.620 -21.690 -21.530 -21.540 -21.190 -20.750 -19.840 -19.730 -20.610 -20.930 -20.530 -19.910 -19.550 -19.220 -18.680 -18.440 -18.370 -15.740 -14.810 -15.370 -18.110 -16.290 -16.040 -17.460 -17.250 -17.420 -17.550 -17.650 -17.340 -16.990 -17.550 -17.010 -17.760 -16.980 -16.880 -16.660 -16.580 -16.610 -16.650 -16.230 -16.390 -16.130 -15.990 -15.810 -15.930 -15.610 -15.290 -15.420 -15.460 -15.030 -15.360 -14.990 -14.680
-25.960 -25.840 -25.630 -25.630 -25.350 -25.260 -25.210 -24.620 -24.290 -24.130 -23.730 -23.200 -22.900 -22.760 -22.380 -21.970 -21.550 -21.590 -21.560 -21.780 -21.760 -21.620 -21.170 -20.670 -20.410 -21.350 -20.980 -19.980 -19.840 -19.170 -18.840 -18.790 -18.500 -18.150 -17.690 -18.120 -15.990 -17.860 -16.940 -17.450 -17.480 -18.310 -17.820 -17.720 -17.740 -17.610 -17.370 -17.470 -17.440 -17.400 -17.250 -17.130 -16.870 -16.740 -16.620 -16.510 -16.290 -16.410 -16.060 -15.910 -15.880 -16.150 -15.770 -15.180 -15.120 -15.080 -15.200 -15.340 -15.430 -15.150
-25.870 -25.980 -25.620 -25.280 -25.580 -25.690 -25.250 -24.740 -24.670 -24.080 -23.690 -23.400 -23.390 -22.810 -22.790 -22.260 -21.860 -21.870 -21.890 -21.830 -21.560 -21.700 -21.460 -21.340 -21.250 -21.310 -20.960 -20.060 -19.590 -19.010 -18.840 -18.820 -18.720 -18.580 -18.290 -17.830 -17.130 -17.250 -18.190 -17.700 -17.720 -18.050 -17.540 -18.120 -17.910 -17.710 -17.850 -17.730 -17.120 -17.460 -17.270 -17.240 -16.800 -16.750 -16.810 -16.480 -16.550 -16.190 -15.980 -15.770 -16.120 -16.170 -15.450 -15.670 -15.420 -15.670 -15.580 -15.290 -15.190 -15.010
-26.380 -26.310 -26.080 -26.110 -25.920 -25.780 -25.530 -25.580 -24.820 -24.210 -24.070 -23.690 -23.550 -23.230 -22.980 -22.780 -22.330 -22.430 -21.880 -21.920 -21.770 -21.610 -21.470 -21.660 -21.650 -21.280 -20.800 -20.100 -19.500 -19.030 -18.810 -18.550 -18.770 -18.320 -18.690 -18.040 -17.440 -17.980 -17.820 -17.720 -17.840 -18.050 -17.860 -17.970 -17.650 -17.730 -17.680 -17.580 -17.690 -17.400 -17.410 -16.970 -17.310 -16.860 -16.950 -16.750 -16.240 -16.500 -16.220 -16.490 -16.330 -15.680 -15.600 -16.200 -15.890 -15.430 -15.360 -15.210 -14.970 -14.640
