exam/dataset/LITTO3D_FRA_0926_6224_MNT5_20150529_LAMB93_RGF93_IGN69.asc
ncols 200
nrows 200
xllcenter 926000.000
yllcenter 6223005.000
cellsize 5.0000
nodata_value -99999
[rows 93 to 123 of 200, columns 70 to 139 of 200]
-2.340 -2.020 -0.310 0.150 0.300 0.000 0.320 1.080 4.880 9.690 14.110 16.910 18.710 20.970 21.890 22.800 23.800 24.070 24.690 25.870 26.340 27.110 27.560 27.810 28.550 30.590 30.500 31.430 33.240 35.280 32.420 32.080 31.620 31.320 31.520 31.770 30.040 28.210 27.560 24.230 24.100 23.670 23.760 23.750 24.050 24.560 24.500 23.840 23.980 22.620 21.930 20.890 18.630 16.380 16.310 16.230 16.130 16.420 16.400 16.350 16.440 16.540 16.660 16.610 16.530 16.580 16.770 17.010 17.110 17.010
-2.060 -2.020 -0.110 0.120 0.050 0.300 0.730 4.930 8.720 11.150 14.510 17.500 20.250 21.990 22.780 23.770 24.750 25.710 26.870 27.400 28.240 28.400 28.690 29.510 29.800 30.650 31.020 31.590 32.140 35.110 33.280 32.240 33.340 33.330 32.020 31.370 30.720 28.370 28.470 27.160 25.900 24.890 24.010 23.890 24.480 25.220 24.540 23.490 23.210 22.360 21.890 20.840 19.200 16.760 16.390 16.350 16.320 16.280 16.370 16.320 16.530 16.670 16.640 16.690 16.560 16.780 16.880 17.080 17.180 17.030
-1.940 -0.590 0.050 0.230 0.090 0.740 1.690 8.450 12.610 13.790 15.880 18.290 20.930 22.750 23.810 25.330 26.680 27.230 28.030 29.110 29.510 29.950 30.590 30.780 31.810 31.760 31.660 31.820 32.780 35.140 33.490 32.750 34.530 35.260 33.720 32.090 31.730 30.180 28.880 28.280 27.250 26.610 24.860 24.330 24.290 24.480 24.880 24.120 23.750 23.080 22.030 21.480 19.400 16.880 16.540 16.490 16.400 16.430 16.400 16.540 16.570 16.630 16.700 16.700 16.680 16.770 17.020 17.120 17.310 17.240
-1.520 -1.000 -0.320 0.040 0.430 1.750 5.070 9.080 16.110 19.020 19.940 21.530 22.400 24.120 25.260 26.640 27.590 28.650 29.530 30.480 31.270 31.380 31.690 32.030 32.480 32.720 32.630 32.440 33.430 35.430 34.050 33.550 34.580 35.750 35.600 33.410 31.980 32.060 31.480 28.960 28.190 27.740 26.470 25.610 25.340 24.880 25.380 25.120 24.510 24.130 22.580 22.040 19.870 17.270 16.700 16.740 16.640 16.590 16.620 16.580 16.660 16.800 16.840 16.820 16.830 16.870 17.030 17.270 17.410 17.350
-1.630 -1.350 -0.800 0.230 0.690 1.750 5.960 12.560 18.410 20.930 21.880 22.720 24.710 25.470 26.560 27.210 28.500 29.550 30.060 31.010 32.100 32.800 33.250 33.010 32.910 33.630 33.500 32.890 33.680 35.610 35.420 34.430 34.930 35.760 36.200 35.640 33.690 33.870 34.150 31.060 28.890 28.320 27.970 27.090 26.610 25.570 25.550 24.540 25.060 24.540 23.200 22.090 20.490 17.870 17.100 16.900 16.910 16.900 16.640 16.750 16.800 16.930 16.940 16.950 16.950 16.930 17.110 17.340 17.520 17.560
-0.290 0.660 -0.300 0.410 0.740 5.940 8.240 17.950 19.600 20.750 21.760 23.890 24.370 25.160 25.620 27.060 27.600 28.620 29.590 30.900 31.880 32.670 33.420 33.630 33.470 34.050 34.410 33.600 33.690 35.980 36.680 37.330 37.410 36.520 36.240 36.080 35.820 35.950 35.010 32.990 31.460 29.590 28.310 28.400 28.640 27.660 25.660 26.210 25.510 25.280 24.510 23.470 21.540 18.830 17.710 16.950 16.930 16.930 16.910 16.820 16.980 16.940 17.050 17.000 17.040 17.170 17.090 17.440 17.630 17.730
-0.430 0.390 -0.360 0.350 1.300 9.840 13.840 17.470 18.410 19.300 20.620 22.000 22.250 23.010 24.940 26.810 26.970 27.780 28.900 29.840 31.710 32.590 33.500 34.050 33.570 33.800 33.860 33.840 33.810 36.090 37.630 37.590 37.510 37.650 37.510 37.010 36.300 36.190 35.270 34.010 32.500 31.290 29.750 28.810 29.960 28.290 27.440 25.850 25.920 25.880 24.990 23.260 22.380 19.380 17.870 17.160 17.010 17.090 17.090 16.980 16.920 17.160 17.110 17.140 17.210 17.290 17.310 17.450 17.710 17.890
0.130 0.470 0.250 0.950 4.210 12.690 14.160 16.080 16.440 17.850 18.610 19.880 20.470 21.470 22.980 24.650 25.560 26.870 27.630 28.390 29.210 30.620 32.060 33.220 32.640 33.080 34.060 34.090 33.990 34.590 36.910 37.210 37.490 37.760 38.140 37.740 36.710 36.840 35.880 34.680 33.390 31.860 30.490 29.880 30.440 28.560 27.940 26.040 25.890 25.660 24.470 23.280 22.630 20.810 18.650 17.960 17.800 17.510 17.670 17.570 17.570 17.490 17.790 18.560 18.100 17.850 17.770 18.450 18.470 19.300
1.520 2.350 1.030 2.550 10.090 13.240 14.300 14.820 16.430 16.450 17.350 18.620 19.370 19.990 21.130 22.670 23.240 23.830 24.790 25.850 27.300 28.540 30.280 31.470 31.740 31.840 33.300 33.720 34.540 33.900 35.490 36.380 37.110 37.600 37.770 38.200 37.730 36.780 36.600 34.880 33.950 32.190 30.770 30.760 30.020 28.920 28.240 27.100 25.930 25.870 25.160 24.370 23.710 22.070 19.530 19.540 19.490 19.100 18.740 18.820 18.550 18.410 18.340 18.500 18.390 18.450 18.480 18.640 18.800 19.250
1.460 1.170 0.680 4.160 8.960 11.300 13.660 14.920 15.060 15.710 16.900 17.450 18.250 19.340 20.630 21.740 22.530 22.820 24.000 24.670 25.650 26.850 28.130 29.000 29.860 30.680 31.620 32.430 33.380 34.220 33.630 35.420 36.410 36.870 37.480 38.180 37.850 36.110 35.850 35.190 34.160 32.660 31.500 31.030 29.960 29.300 28.360 27.790 26.540 25.750 25.800 25.740 24.940 23.120 19.670 19.920 19.820 19.480 19.140 18.940 18.820 18.720 18.700 18.850 18.690 18.750 18.780 18.730 18.930 19.310
-0.160 -0.080 0.680 1.830 4.240 8.960 13.130 14.480 15.960 16.100 16.940 18.010 19.030 19.700 20.280 20.960 21.660 22.470 22.990 24.360 24.770 25.730 26.650 27.590 29.070 29.720 31.140 31.810 32.430 33.800 33.310 33.720 35.190 35.900 36.120 36.110 35.810 35.890 36.000 34.770 34.100 33.110 31.580 30.870 30.310 29.510 28.730 27.890 27.530 25.900 26.480 25.570 24.940 25.420 20.120 20.390 20.190 19.700 19.470 19.170 19.030 18.940 18.880 18.880 18.920 18.840 18.900 19.050 19.210 19.510
0.530 0.850 0.370 1.880 3.680 9.690 14.640 16.410 16.770 17.490 18.590 19.150 19.890 21.200 21.440 22.250 23.320 23.550 23.980 24.640 24.870 25.230 25.910 27.480 28.140 28.890 29.570 30.550 31.270 31.760 33.000 33.300 33.690 34.720 35.230 35.260 35.140 34.710 35.020 34.670 33.880 32.310 31.970 30.900 29.890 29.360 28.780 28.070 27.490 26.830 25.540 25.770 24.750 24.780 20.670 20.600 20.590 20.070 19.760 19.450 19.290 19.180 19.110 19.100 19.010 19.040 19.160 19.250 19.340 19.670
1.540 0.240 0.940 2.390 4.240 7.830 12.750 15.440 17.630 19.380 20.780 21.950 22.180 22.480 23.680 23.990 25.010 25.670 25.940 26.250 26.420 26.710 26.870 27.020 27.730 28.360 28.830 29.770 30.800 31.500 32.650 33.480 33.140 33.950 34.610 34.800 34.680 34.510 33.750 33.330 32.910 32.340 31.670 30.670 30.070 28.840 28.510 27.960 27.450 26.700 25.720 25.480 25.150 23.430 20.980 20.890 20.850 20.400 20.010 19.830 19.570 19.450 19.370 19.280 19.210 19.190 19.320 19.420 19.520 19.930
-0.080 0.090 0.340 2.200 2.450 7.280 11.860 15.520 17.900 19.970 21.790 23.950 24.530 25.170 25.470 26.430 27.090 27.430 28.030 28.360 28.620 28.540 28.360 28.200 28.230 28.690 29.270 29.820 30.860 31.080 31.630 32.520 33.190 33.110 33.760 34.010 33.570 33.490 33.220 33.080 32.750 31.910 31.230 30.180 29.330 28.830 27.740 27.220 26.830 26.270 25.460 24.910 25.090 24.150 21.300 21.020 20.950 20.710 20.270 20.070 19.830 19.800 19.540 19.500 19.390 19.420 19.460 19.530 19.820 20.670
0.000 -0.380 0.910 1.300 3.820 6.280 10.930 15.490 18.320 20.130 22.960 23.590 25.070 26.260 27.020 28.110 29.150 29.840 29.820 30.340 30.330 29.990 29.810 29.580 29.350 29.480 29.770 30.220 30.980 31.290 32.110 32.780 33.060 33.040 32.870 33.560 33.820 33.040 32.620 32.200 31.790 31.410 30.930 30.160 29.270 28.270 27.800 26.870 25.860 25.760 25.250 24.520 24.890 24.510 21.950 21.200 21.080 20.760 20.490 20.210 19.990 19.940 19.830 19.760 19.660 19.520 19.610 19.920 20.960 21.080
-0.290 -0.820 -0.650 1.600 5.070 4.450 5.170 7.380 12.430 15.430 18.050 21.050 23.520 25.850 28.260 29.620 30.560 31.520 31.670 32.030 31.770 31.750 31.880 31.300 31.110 30.680 30.800 31.200 31.940 32.010 32.720 33.150 33.270 33.580 32.840 33.070 33.140 32.750 31.950 31.690 31.020 30.630 30.110 29.600 29.000 27.990 26.980 26.190 25.770 24.910 24.580 24.300 25.390 24.470 22.340 21.200 21.120 20.910 20.660 20.420 20.550 20.270 20.280 20.010 20.150 20.340 20.280 20.810 20.980 21.550
-2.680 0.580 0.570 1.070 1.820 1.870 3.360 5.980 9.350 11.200 13.810 16.010 20.430 22.760 28.100 30.240 31.980 32.740 33.600 34.400 34.030 33.490 33.330 32.710 32.570 32.100 32.470 32.130 32.660 32.980 32.970 33.430 33.480 34.400 34.020 32.240 32.210 32.100 31.720 30.980 30.650 29.860 29.400 28.890 28.240 27.530 26.840 26.430 25.770 25.070 24.040 23.680 26.130 24.820 21.980 22.290 23.320 23.500 23.460 23.060 23.300 22.570 22.060 21.520 21.260 20.880 20.590 20.810 21.360 23.500
-3.350 -1.790 0.100 0.400 0.970 1.460 2.930 4.840 5.880 4.070 5.660 10.550 15.940 22.120 26.930 30.850 32.590 33.730 35.420 36.150 36.380 35.280 35.140 34.450 34.100 34.130 33.540 33.470 33.510 33.290 33.520 34.370 35.070 35.480 34.920 34.450 31.810 31.090 30.470 29.990 29.660 28.910 28.440 27.850 27.600 26.980 26.620 26.460 25.640 25.370 24.000 23.460 23.210 23.130 21.930 22.530 22.570 22.390 22.110 21.690 21.360 20.810 20.330 20.000 20.060 20.110 20.320 21.510 23.050 25.310
-2.830 -1.280 -0.860 -0.310 0.360 1.440 1.610 1.680 1.370 2.380 4.370 9.920 12.830 22.150 27.280 31.170 33.010 34.490 35.500 35.410 36.250 36.010 35.580 35.370 35.100 34.850 34.270 33.820 33.840 34.480 33.940 34.270 35.250 35.400 35.260 34.690 34.470 35.020 31.140 31.220 30.340 29.050 28.330 27.410 27.260 26.840 26.300 25.760 25.010 24.390 23.830 23.640 23.050 22.230 21.720 21.320 21.000 20.900 20.680 20.440 20.380 20.210 20.170 19.980 20.010 19.880 21.100 22.390 24.970 25.210
-2.300 -1.520 -2.970 -0.770 -1.130 -0.200 0.380 0.510 0.860 1.900 3.470 13.590 16.630 19.980 26.930 31.320 32.530 34.230 36.040 36.240 36.620 36.310 36.100 36.300 36.520 35.050 31.830 31.720 32.630 31.560 30.460 31.220 32.260 33.130 33.500 33.440 35.450 34.910 31.640 30.930 29.000 26.950 26.740 26.020 25.940 25.690 25.630 25.290 24.730 24.340 23.690 23.800 23.870 21.980 21.730 21.180 21.300 20.780 20.520 20.300 20.320 20.430 20.420 20.230 19.910 20.050 22.010 22.880 25.580 25.320
-2.540 -3.290 -3.620 -3.180 -2.800 -1.340 -1.100 -1.190 1.320 1.950 4.010 12.950 18.670 22.950 27.230 30.650 32.250 33.310 34.450 34.390 34.450 32.950 33.120 34.580 35.860 30.340 28.290 31.300 30.910 27.700 26.800 27.410 29.960 30.980 30.660 29.100 30.200 31.530 29.720 28.100 24.270 23.810 24.350 24.240 24.620 24.740 24.490 25.000 24.890 23.160 22.960 23.440 24.990 22.020 21.730 21.740 20.660 20.460 19.500 18.890 18.560 18.990 19.500 19.470 19.240 20.290 20.620 22.940 25.740 25.380
-3.180 -4.320 -3.910 -3.720 -2.120 -2.490 -2.020 -0.600 -0.030 3.720 5.500 12.090 17.540 22.710 27.790 30.730 32.030 32.300 32.200 32.150 30.520 30.810 30.650 31.510 31.190 26.940 24.310 25.520 26.900 24.290 23.900 23.940 26.350 26.730 26.540 25.150 26.920 28.500 28.160 25.470 20.480 21.920 21.950 23.000 23.830 23.550 24.110 23.570 22.970 22.430 22.700 22.940 23.620 21.880 21.630 21.440 19.320 18.650 18.620 18.210 18.110 18.170 18.410 18.690 18.980 20.190 20.700 23.870 25.320 25.280
-2.320 -3.830 -3.340 -2.160 -2.790 -2.810 -2.540 1.830 3.840 7.270 9.560 15.390 20.260 25.190 27.240 28.870 27.300 29.000 28.860 26.750 26.420 27.670 26.360 26.820 29.350 22.910 21.190 21.830 23.460 20.390 20.470 20.480 22.090 22.820 22.370 21.020 21.920 24.660 26.370 17.170 17.780 17.870 18.140 20.210 21.340 22.940 23.150 23.020 23.170 23.630 22.370 22.500 22.330 21.730 21.540 21.680 19.020 18.480 18.790 18.230 17.630 17.740 17.950 18.660 18.740 19.800 20.670 24.140 25.760 25.150
-4.470 -4.230 -3.350 -3.490 -3.230 -2.720 -2.410 1.150 4.200 9.650 12.580 17.330 20.960 24.840 25.430 25.710 25.010 23.300 26.170 25.470 23.880 24.030 23.300 21.350 19.520 17.180 16.920 17.130 19.040 16.950 17.400 17.330 17.770 18.900 19.770 16.900 15.980 17.190 14.820 14.420 14.300 14.950 16.850 17.780 19.500 21.090 21.690 22.160 22.260 22.300 22.190 22.630 22.000 21.570 21.190 20.430 18.440 18.310 18.630 18.150 17.670 17.500 17.590 18.590 18.500 19.190 20.020 22.680 25.260 24.920
-4.500 -4.240 -3.680 -3.460 -3.110 -1.900 1.100 1.350 4.980 7.640 12.270 15.460 22.560 22.760 24.270 23.100 21.750 19.370 19.300 20.410 20.850 21.510 21.190 16.750 15.340 14.630 13.230 12.530 12.270 12.790 14.920 14.470 13.660 12.750 14.970 12.720 11.330 10.050 10.930 11.940 12.130 13.200 13.130 14.730 16.650 19.580 21.300 21.570 22.300 22.480 22.190 22.340 22.060 21.350 21.350 18.830 18.280 18.190 18.890 18.390 17.530 17.320 17.400 18.060 18.240 18.640 19.600 21.680 24.350 24.580
-4.750 -4.130 -3.930 -4.210 -3.340 -1.370 1.940 1.200 3.450 6.570 11.280 16.260 19.090 20.690 21.610 20.410 18.000 15.660 15.530 17.830 19.160 17.330 14.530 13.040 12.570 10.360 9.370 8.300 7.570 10.460 11.360 11.430 10.040 8.820 9.150 7.550 5.030 5.770 7.390 9.570 11.330 11.060 11.250 12.500 13.450 16.470 18.260 18.660 19.570 21.810 22.490 22.660 22.780 21.210 21.100 18.440 17.930 17.950 18.280 18.090 17.320 17.120 17.250 17.810 18.130 18.170 19.270 20.010 23.470 24.550
-4.530 -4.400 -4.340 -3.580 -3.040 -2.920 0.510 1.510 2.790 4.770 12.410 14.830 17.150 16.930 15.880 13.820 12.050 12.010 11.520 13.520 15.670 13.840 10.710 8.760 6.550 5.980 5.930 4.470 4.070 5.430 6.940 7.350 5.130 4.530 1.810 1.200 1.610 2.650 3.000 5.470 9.150 10.520 8.410 10.710 12.120 13.900 14.070 17.270 20.660 21.270 22.340 22.360 21.800 21.150 21.070 18.070 17.900 17.800 18.600 17.600 17.100 17.000 17.140 17.690 17.910 17.900 18.680 19.920 23.750 24.650
-5.560 -4.270 -3.020 0.350 0.550 2.450 2.910 1.150 2.990 4.790 11.350 11.970 12.730 12.710 12.490 10.420 8.710 8.430 6.700 8.040 10.790 9.420 6.560 4.420 2.790 2.580 2.090 1.620 1.460 2.460 4.820 3.570 2.830 1.440 0.780 0.830 0.810 1.030 1.160 2.000 3.260 4.920 6.340 6.630 9.910 10.680 12.110 15.650 18.720 21.100 22.360 22.400 21.620 21.150 20.820 17.980 17.760 17.730 18.290 17.620 17.000 17.010 16.960 17.160 17.890 17.670 18.450 20.610 24.570 24.190
-6.190 -4.000 -0.700 0.410 0.690 2.080 4.870 3.080 3.990 5.130 5.780 6.540 8.500 9.180 8.900 7.290 5.240 3.600 3.740 3.700 6.900 5.460 3.210 1.480 1.540 0.860 0.850 0.710 1.140 0.950 0.850 0.800 0.890 0.740 -0.030 -0.270 0.400 0.460 0.570 1.190 1.450 1.850 2.370 3.610 5.850 7.740 10.860 13.470 17.030 20.410 22.060 22.390 22.310 21.060 20.580 17.840 17.700 17.690 18.580 17.700 17.090 17.060 16.860 17.180 17.660 17.430 17.940 21.220 24.900 24.400
-5.100 -2.400 -0.630 1.110 2.330 2.020 2.930 0.730 2.510 2.550 2.540 2.910 3.420 4.570 4.990 3.320 2.640 3.060 2.050 2.330 3.220 2.230 1.740 1.150 0.770 0.380 0.170 0.490 0.280 0.540 0.000 0.010 -0.030 -0.020 -0.450 -1.230 -1.060 -0.400 0.250 0.450 0.430 0.990 1.400 2.150 3.290 6.280 9.270 12.320 16.760 19.070 22.240 22.320 22.270 20.960 20.210 17.790 17.690 18.480 18.610 17.580 17.200 16.890 16.830 17.170 17.440 17.370 18.420 21.330 24.280 23.420
-4.620 -1.750 1.910 2.600 1.600 0.470 0.300 0.540 0.790 1.150 0.920 1.800 2.010 3.910 1.990 1.500 0.990 1.580 1.390 2.180 4.070 0.780 0.280 0.080 0.140 0.470 0.160 -0.270 -1.770 -0.240 -1.370 -0.110 -1.460 -1.300 -1.250 -1.640 -1.680 -0.980 -0.750 0.140 0.590 0.530 1.400 1.460 2.180 2.740 6.780 11.380 15.550 19.890 22.160 22.290 21.650 20.980 19.750 17.840 17.570 18.580 18.390 17.700 17.230 16.870 16.860 17.360 17.880 17.250 18.350 20.420 22.330 21.190
